0 160794
1 116904
2 72138
3 63425
4 57367
5 39155
6 31483
7 25277
8 20466
9 19738
10 25753
11 16256
12 9522
13 8374
14 8183
15 10370
16 9075
17 2855
18 1669
19 2003
20 6949
21 5029
22 3061
23 1864
24 1200
25 1267
26 1000
27 691
28 1113
29 1730
30 888
31 903
32 1044
33 964
34 981
35 923
36 822
37 746
38 698
39 684
40 581
41 467
42 430
43 430
44 510
45 545
46 397
47 410
48 425
49 584
50 682
51 735
52 669
53 542
54 746
55 817
56 883
57 969
58 796
59 770
60 676
61 574
62 456
63 517
64 511
65 437
66 315
67 327
68 401
69 382
70 349
71 307
72 314
73 347
74 383
75 431
76 306
77 269
78 302
79 341
80 520
81 546
82 238
83 236
84 342
85 477
86 279
87 217
88 333
89 521
90 250
91 255
92 308
93 345
94 281
95 284
96 173
97 161
98 187
99 238
