0 148269
1 234430
2 70320
3 43656
4 39790
5 27746
6 17890
7 14766
8 12702
9 12011
10 33571
11 9483
12 6543
13 5244
14 5057
15 11987
16 4496
17 3057
18 2942
19 2968
20 13191
21 4768
22 3039
23 1713
24 1337
25 1811
26 1441
27 1132
28 1128
29 1273
30 1761
31 948
32 834
33 940
34 768
35 968
36 762
37 712
38 646
39 635
40 1049
41 578
42 493
43 472
44 619
45 626
46 620
47 615
48 628
49 570
50 2133
51 579
52 509
53 553
54 535
55 649
56 576
57 544
58 529
59 503
60 1706
61 310
62 303
63 337
64 323
65 376
66 303
67 268
68 322
69 309
70 573
71 233
72 178
73 255
74 180
75 284
76 267
77 246
78 273
79 198
80 429
81 327
82 339
83 194
84 252
85 355
86 224
87 392
88 183
89 276
90 1500
91 145
92 217
93 164
94 107
95 190
96 157
97 113
98 270
99 213
